1.023982 -0.871344  1
0.669370 -0.492466  1
1.360567 -1.449707  1
1.341038 -0.653628  1
0.821357 -1.328442  1
1.232228 -0.916503  1
1.033516 -0.810771  1
1.027701 -1.353270  1
1.156969 -0.836087  1
1.054278 -0.838767  1
0.993044 -1.014416  1
0.795498 -1.322509  1
0.776724 -0.547152  1
0.988212 -0.993374  1
1.360363 -1.105864  1
0.973119 -1.191684  1
1.477843 -0.701927  1
0.969273 -1.514868  1
0.936018 -1.424836  1
1.197288 -1.069380  1
1.055964 -0.762659  1
0.797392 -1.176342  1
0.803951 -0.973404  1
0.991091 -0.917541  1
1.235979 -0.462799  1
1.460777 -1.143518  1
0.755855 -0.960950  1
0.883908 -1.400115  1
0.852685 -1.154724  1
1.114271 -0.894231  1
1.023119 -0.751534  1
0.936365 -0.832284  1
1.094386 -0.660212  1
0.605648 -1.381644  1
0.620958 -1.816771  1
0.582661 -1.253120  1
0.828258 -1.467829  1
1.181205 -1.205668  1
0.852408 -0.984567  1
0.762344 -0.512667  1
1.367180 -1.378274  1
1.046992 -0.606157  1
0.836587 -0.902333  1
0.956856 -0.486719  1
1.127157 -0.930363  1
0.797918 -0.485632  1
0.815060 -1.124804  1
0.680437 -0.966816  1
1.186038 -1.122182  1
0.774843 -0.687855  1
0.699993 -1.038795  1
0.984550 -0.993132  1
0.681510 -1.014762  1
1.088382 -0.690611  1
0.847030 -0.946051  1
1.627292 -1.106310  1
0.895149 -0.845033  1
0.879484 -1.323731  1
0.977743 -1.089218  1
1.172423 -0.763459  1
0.624848 -1.133862  1
1.028872 -1.030136  1
1.283924 -1.022743  1
0.734925 -0.987344  1
0.948461 -0.659026  1
1.044432 -0.808428  1
0.941007 -0.794899  1
0.922063 -0.714257  1
1.068335 -1.455039  1
0.978408 -0.842389  1
1.187134 -1.493979  1
1.022942 -1.174510  1
1.187146 -0.569864  1
1.314661 -1.223400  1
0.883226 -0.968026  1
1.323633 -1.059230  1
0.762232 -0.671381  1
0.640736 -1.131372  1
0.940867 -1.446397  1
0.709566 -1.122710  1
1.239176 -0.754874  1
0.997367 -1.071674  1
0.922706 -0.956027  1
1.137929 -1.248761  1
1.261916 -0.747522  1
1.117144 -1.374006  1
1.114298 -1.477309  1
1.094277 -0.701379  1
0.980969 -1.217175  1
0.938898 -0.359423  1
0.756238 -0.796570  1
0.626082 -1.135628  1
0.967568 -0.921765  1
1.114006 -0.923014  1
0.691147 -0.394126  1
1.232362 -1.173561  1
0.674317 -0.776638  1
0.993253 -1.548062  1
0.639738 -0.950118  1
1.141652 -0.382545  1
0.779839 -0.452227  1
0.879746 -0.885499  1
1.015778 -0.825706  1
0.630619 -0.861750  1
0.987144 -0.828804  1
0.692739 -0.810880  1
1.151309 -0.670006  1
1.292178 -1.108437  1
0.872922 -0.568464  1
1.257562 -0.769994  1
1.177501 -0.782685  1
1.249965 -0.886506  1
0.973506 -0.820420  1
1.141899 -1.074126  1
1.036154 -0.883303  1
1.094233 -1.048526  1
1.375233 -1.045954  1
1.062174 -1.097371  1
1.070204 -0.832807  1
1.621154 -1.314517  1
0.883823 -1.242636  1
1.259117 -1.075774  1
1.059386 -1.453862  1
0.606850 -1.273460  1
0.706993 -1.097242  1
1.328503 -1.010919  1
0.474498 -0.840495  1
0.643597 -1.167971  1
0.753088 -1.107639  1
0.880698 -0.964699  1
0.827677 -1.555955  1
0.841934 -1.204995  1
1.036098 -1.449358  1
1.450346 -0.870880  1
1.377134 -1.689310  1
0.910436 -0.976453  1
0.848199 -1.003181  1
1.298145 -1.300868  1
1.322937 -1.147753  1
1.272823 -1.333869  1
1.068045 -0.476483  1
1.311681 -0.583391  1
1.123554 -0.920967  1
0.906077 -0.954986  1
1.079808 -0.841798  1
0.799303 -1.507864  1
0.657745 -1.113490  1
0.985805 -1.205570  1
0.972667 -1.227394  1
0.983870 -0.596944  1
0.974703 -1.363672  1
1.112303 -1.088815  1
0.850554 -0.927736  1
0.990953 -0.796004  1
1.237837 -1.456253  1
0.973965 -0.654969  1
1.028656 -0.484802  1
0.564672 -1.332993  1
1.064028 -1.234556  1
0.863802 -1.065073  1
0.983621 -1.644436  1
1.175027 -0.706351  1
0.428715 -1.305432  1
1.383988 -0.905628  1
1.186482 -0.717388  1
0.930339 -0.861052  1
0.792285 -0.785368  1
0.824838 -0.661603  1
1.292487 -0.877384  1
1.064287 -0.938336  1
0.958624 -1.131146  1
0.879312 -1.043914  1
0.435767 -1.268245  1
1.383048 -1.230308  1
1.003109 -1.230474  1
1.134328 -0.950192  1
1.235589 -0.997418  1
1.206603 -1.131214  1
0.816631 -1.588367  1
0.890861 -1.220209  1
0.885401 -1.403574  1
1.171197 -0.777210  1
0.970806 -1.387715  1
0.686523 -1.290176  1
1.082902 -1.078209  1
0.846654 -0.829539  1
0.901733 -1.033570  1
0.637195 -1.120415  1
1.207764 -0.900079  1
1.050378 -1.185583  1
0.962396 -1.361185  1
0.715091 -0.948772  1
0.842099 -1.248191  1
1.145227 -0.838116  1
0.749937 -0.909538  1
1.026783 -0.727407  1
0.999843 -0.713378  1
0.802686 -0.379036  1
0.967517 -0.878728  1
0.547259 -1.031139  1
1.023882 -0.736703  1
1.561545 -0.374412  1
1.025018 -0.540136  1
1.000060 -1.086281  1
1.096507 -0.703212  1
1.311311 -1.062168  1
0.860439 -1.549361  1
1.211773 -1.064266  1
0.996411 -0.913829  1
0.819162 -1.355508  1
1.105175 -0.720983  1
1.165951 -1.063190  1
1.052802 -1.006370  1
0.742530 -0.780651  1
1.157608 -0.650778  1
0.817838 -1.438483  1
1.339324 -0.502489  1
1.024703 -1.065541  1
0.763256 -0.967116  1
0.661704 -0.961039  1
1.120968 -1.084136  1
0.733206 -1.103017  1
1.052608 -0.905588  1
0.408211 -0.818034  1
0.804289 -1.195310  1
1.310448 -1.310596  1
0.817010 -1.228863  1
1.150992 -1.127125  1
1.413258 -0.770548  1
0.970286 -1.306333  1
1.392547 -1.136523  1
0.636584 -0.772662  1
0.834914 -0.767538  1
1.373672 -1.456362  1
1.108759 -1.418420  1
0.955750 -0.857515  1
0.809582 -1.229685  1
1.296295 -1.407214  1
1.010946 -1.389997  1
1.267791 -0.923418  1
0.933343 -1.207225  1
0.897968 -1.307617  1
0.829668 -1.117394  1
1.187531 -0.698139  1
0.933570 -0.516506  1
1.061355 -0.869744  1
1.048663 -1.030024  1
1.121361 -1.240849  1
1.031460 -1.524316  1
1.160754 -1.664048  1
0.950480 -0.799198  1
0.743610 -0.968186  1
1.186316 -0.967932  1
0.664754 -0.290776  1
0.703963 -1.087535  1
1.080511 -1.257388  1
1.040126 -0.542548  1
1.289116 -1.174988  1
0.893952 -1.289114  1
1.326125 -0.655364  1
0.763034 -0.838751  1
1.005924 -0.942899  1
0.928419 -1.078041  1
0.903222 -0.838820  1
1.040365 -0.727100  1
1.203145 -1.382255  1
1.070849 -0.974779  1
0.968027 -1.311449  1
1.346055 -1.214287  1
1.231066 -0.833092  1
0.593773 -1.232317  1
0.904555 -0.389237  1
0.944292 -1.000873  1
1.157175 -0.498256  1
1.290864 -0.827171  1
1.070076 -0.936127  1
0.941713 -1.251843  1
1.199916 -1.076269  1
1.115759 -1.175238  1
1.190831 -1.052041  1
1.285748 -1.488762  1
1.119452 -1.186746  1
0.986300 -1.138409  1
1.043802 -1.010493  1
0.688869 -0.807339  1
0.954814 -0.657155  1
1.034675 -1.238147  1
1.082114 -0.919528  1
1.009635 -0.775193  1
1.033340 -0.841177  1
1.024915 -1.044035  1
0.788366 -0.474055  1
0.700334 -0.990996  1
1.085420 -0.696684  1
1.076756 -1.207544  1
1.238992 -0.758234  1
0.886340 -0.611043  1
0.952811 -1.070232  1
0.905294 -0.632563  1
1.486508 -0.582199  1
1.197376 -1.337976  1
1.343976 -0.905695  1
1.076018 -0.595394  1
1.203894 -1.086138  1
0.859793 -0.797880  1
0.942032 -0.662166  1
0.613003 -0.950509  1
1.157412 -1.028615  1
0.953333 -0.779059  1
1.170491 -1.160542  1
0.918335 -1.063235  1
0.551231 -1.057971  1
1.048061 -0.986893  1
0.911841 -0.942092  1
0.911640 -0.657226  1
1.048653 -1.560288  1
1.434031 -1.100475  1
1.061051 -1.229040  1
1.251763 -0.899062  1
1.443602 -1.263050  1
0.714588 -1.167525  1
1.098476 -1.053416  1
1.193915 -0.879634  1
1.218041 -0.845365  1
0.877560 -1.137632  1
0.929129 -0.773726  1
1.028133 -0.985591  1
1.039006 -0.541905  1
1.284159 -0.831569  1
0.556766 -0.812288  1
0.579113 -1.100311  1
0.910166 -0.171368  1
0.910000 -1.114925  1
0.916484 -0.521470  1
0.673641 -0.642269  1
0.712365 -1.229750  1
0.948476 -0.766365  1
1.298811 -0.566093  1
1.148267 -1.311591  1
1.164354 -0.856985  1
1.368792 -1.061849  1
1.399840 -1.142956  1
1.071569 -1.443674  1
0.765554 -0.983810  1
1.012322 -0.884398  1
0.914007 -1.313161  1
1.246598 -1.120518  1
0.891705 -0.913400  1
0.364178 -1.211229  1
0.830458 -1.133119  1
0.810251 -1.267709  1
1.020105 -1.047455  1
1.049728 -1.228919  1
1.031470 -0.830228  1
1.090341 -0.523454  1
1.191799 -0.844620  1
0.495407 -1.033908  1
1.117959 -0.692680  1
0.832192 -1.284248  1
0.995788 -1.326741  1
0.894473 -0.950233  1
0.904909 -1.596537  1
1.003339 -0.765271  1
0.680261 -0.983198  1
0.736624 -1.000838  1
0.953436 -1.014018  1
0.902758 -0.397322  1
1.180025 -1.446887  1
1.092485 -0.943228  1
1.167692 -1.106445  1
1.164839 -0.807169  1
1.178156 -1.026728  1
1.390608 -1.184493  1
1.224312 -0.890238  1
0.763521 -0.932544  1
1.283632 -0.586576  1
0.897710 -1.053833  1
0.786686 -0.480657  1
1.017110 -1.124136  1
0.993981 -0.922291  1
0.913226 -1.567988  1
0.886326 -0.833687  1
0.954494 -0.591676  1
0.728904 -1.205235  1
1.057695 -0.965316  1
0.710416 -0.135788  1
0.838721 -1.194263  1
1.234518 -1.201328  1
1.085709 -1.623349  1
1.298295 -0.668359  1
0.882479 -1.663218  1
0.690749 -0.640939  1
0.562694 -0.817417  1
0.919001 -0.866269  1
0.865243 -0.630849  1
1.298858 -1.448382  1
1.032278 -1.318505  1
0.850989 -1.391669  1
0.810587 -0.955195  1
1.090535 -1.171526  1
1.212658 -1.597373  1
0.760010 -0.791831  1
1.042132 -1.170391  1
1.356678 -0.852019  1
0.839979 -1.254466  1
0.815121 -0.955810  1
0.820571 -0.509836  1
0.962496 -1.045904  1
1.097880 -1.191903  1
1.134515 -1.132070  1
0.912627 -1.023840  1
1.189551 -0.893844  1
1.458286 -0.989907  1
0.828760 -1.247428  1
1.426345 -1.102716  1
0.976536 -0.545363  1
0.954022 -0.627019  1
0.912813 -1.259839  1
1.260377 -1.035432  1
1.070383 -0.780453  1
0.951986 -0.885512  1
0.951160 -0.890166  1
1.043493 -1.501427  1
1.162470 -0.646017  1
1.114475 -1.203335  1
0.709252 -1.190326  1
1.001948 -0.795818  1
1.370285 -0.827547  1
0.970644 -0.873762  1
1.413153 -0.537826  1
1.161826 -1.319249  1
1.150242 -1.374936  1
0.957121 -0.817665  1
1.155881 -0.818607  1
0.783511 -1.064209  1
0.769861 -0.869022  1
0.670592 -1.251176  1
1.065242 -0.871038  1
0.824124 -1.039240  1
1.050462 -0.611159  1
0.927301 -1.107825  1
1.224481 -1.197235  1
1.492019 -0.745487  1
1.221057 -0.911530  1
0.825431 -1.202617  1
1.039115 -0.735714  1
0.954428 -1.217752  1
1.005751 -0.938086  1
0.800148 -1.061230  1
1.252400 -1.281530  1
0.960003 -0.679194  1
0.885825 -0.689698  1
1.282119 -1.202817  1
0.568724 -1.189294  1
0.770919 -0.966719  1
1.141302 -0.872413  1
1.040965 -1.280237  1
1.243474 -1.238640  1
0.852259 -1.094522  1
0.882549 -1.022807  1
1.215943 -1.128948  1
0.889541 -0.948437  1
1.175811 -0.725433  1
0.764325 -0.608546  1
1.113329 -1.243376  1
1.082619 -1.170533  1
1.016435 -0.659173  1
0.819682 -0.913887  1
0.861448 -1.142299  1
1.229161 -1.062003  1
0.973325 -0.500960  1
1.018566 -1.348278  1
0.992014 -1.425541  1
0.112577 -0.874530  1
1.518993 -0.981675  1
0.942451 -0.559823  1
0.796494 -1.004679  1
0.916115 -0.902051  1
0.854686 -1.060202  1
1.264119 -0.877701  1
1.153821 -1.229309  1
1.037953 -1.061967  1
1.199289 -1.772491  1
1.053399 -0.912812  1
0.994765 -1.079759  1
1.116604 -1.044614  1
1.074095 -1.184778  1
1.331727 -0.766926  1
0.878642 -1.338215  1
1.053132 -0.770766  1
0.868523 -0.931315  1
0.827846 -0.833678  1
1.357353 -0.831070  1
0.893854 -1.369077  1
0.949099 -1.379764  1
1.109611 -1.024276  1
0.956611 -1.153630  1
1.357419 -1.288715  1
0.682769 -0.710533  1
0.615500 -1.229133  1
0.767345 -0.918808  1
0.927767 -1.553142  1
0.678794 -1.027577  1
0.941420 -0.626793  1
0.971261 -1.116521  1
1.082441 -0.497279  1
0.677323 -1.015723  1
1.120006 -1.011030  1
0.986297 -0.610199  1
0.941522 -0.737986  1
0.937607 -0.769785  1
0.766400 -0.973359  1
0.922834 -0.681263  1
1.195979 -0.909159  1
1.092937 -0.767522  1
1.090186 -0.969914  1
1.144764 -0.598390  1
0.905913 -1.109273  1
1.074691 -1.016281  1
0.792170 -1.234887  1
0.996978 -0.992828  1
1.015073 -0.658099  1
0.924376 -0.934462  1
0.979707 -1.058057  1
0.575342 -0.467307  1
0.957222 -1.176481  1
0.657997 -1.172979  1
1.319821 -0.975351  1
0.954283 -0.583690  1
0.943778 -1.185896  1
1.039774 -1.155542  1
0.753905 -1.231205  1
0.860831 -0.799490  1
0.868874 -0.735277  1
1.099240 -0.589544  1
0.894131 -0.881222  1
1.038607 -1.031048  1
1.097600 -1.476469  1
1.284628 -0.464703  1
0.705474 -0.522005  1
0.968161 -0.573603  1
1.433029 -0.664321  1
1.116151 -1.121517  1
1.006816 -0.553297  1
0.954878 -1.248581  1
1.626320 -0.736474  1
0.919346 -0.941941  1
0.826207 -0.844918  1
0.941678 -1.112502  1
0.561503 -1.038200  1
0.814282 -0.560233  1
0.938657 -1.582588  1
0.729832 -1.154844  1
0.894962 -1.277863  1
1.194960 -0.977769  1
0.886644 -1.051285  1
0.908523 -1.175752  1
0.778888 -1.487806  1
1.137046 -1.053166  1
0.930055 -1.140246  1
1.098264 -1.114911  1
0.936091 -1.603286  1
1.339320 -0.335031  1
1.525735 -1.077461  1
0.826608 -0.773319  1
0.963585 -1.685335  1
1.346520 -0.910539  1
0.911762 -0.950027  1
0.799905 -1.126156  1
1.144452 -1.544963  1
1.369901 -0.995985  1
1.366879 -0.463243  1
1.082698 -0.907013  1
1.236327 -1.357728  1
0.940317 -1.533574  1
1.129124 -1.172933  1
0.862692 -0.537026  1
0.913262 -1.220574  1
1.191477 -1.087157  1
0.872915 -1.036268  1
1.099695 -0.814450  1
1.541882 -1.130244  1
1.066540 -0.624111  1
0.805853 -1.052583  1
1.100248 -0.939356  1
0.624227 -1.442200  1
0.585464 -1.047889  1
0.630295 -0.923987  1
1.036044 -0.993691  1
1.258149 -0.727845  1
0.822298 -0.741530  1
0.918167 -0.411317  1
0.994132 -0.988722  1
0.846395 -1.002589  1
0.782046 -1.043568  1
0.995384 -0.788665  1
0.763332 -1.071110  1
1.305552 -1.132071  1
1.005681 -1.004133  1
0.943762 -0.783177  1
2.985925 0.354180  1
3.006330 0.138245  1
3.254676 -0.178656  1
3.010967 0.235666  1
3.308268 0.018812  1
2.609823 -0.059092  1
3.550696 0.509951  1
3.442292 -0.280232  1
3.127581 0.333843  1
3.452014 0.075251  1
3.120466 0.003824  1
3.414569 -0.123006  1
2.752176 0.138564  1
3.294070 -0.206076  1
2.827167 -0.043211  1
3.306108 0.080159  1
3.265623 0.107793  1
2.623700 -0.042872  1
2.726491 -0.084877  1
3.466123 -0.227962  1
3.172607 -0.139893  1
2.702459 0.073230  1
2.792083 0.214519  1
3.222338 -0.015774  1
3.068712 -0.131894  1
2.936768 0.197687  1
2.667824 0.018653  1
3.034076 -0.003843  1
3.051600 -0.008148  1
2.924441 -0.128429  1
2.592102 0.211583  1
3.088336 -0.050167  1
3.248841 0.270587  1
2.559288 0.006422  1
3.041869 0.206323  1
3.320303 -0.034629  1
2.945885 -0.350565  1
2.684992 -0.095992  1
2.885596 -0.503696  1
2.983101 0.239425  1
2.596525 0.293241  1
2.779460 -0.289041  1
3.267762 -0.071520  1
3.318529 0.018533  1
3.036928 -0.094963  1
2.227737 0.428970  1
3.005109 -0.037403  1
2.802376 0.164134  1
3.009428 -0.244780  1
3.166894 0.108046  1
2.770139 0.016515  1
3.416355 0.218105  1
3.114414 0.157701  1
3.125985 0.300059  1
3.554744 -0.094904  1
2.878377 0.158741  1
2.907312 -0.158711  1
2.695519 -0.153928  1
2.816216 -0.040351  1
2.247293 0.219501  1
2.819003 0.326227  1
3.071465 -0.207052  1
3.024267 0.038282  1
3.503814 -0.183500  1
3.080026 0.391131  1
2.883620 -0.149392  1
2.603164 -0.147161  1
3.144228 0.459234  1
2.595569 0.208433  1
3.105965 0.571619  1
2.447017 0.311881  1
3.200475 0.161743  1
2.799559 -0.093208  1
3.453771 -0.329039  1
3.333177 -0.126885  1
2.731620 -0.195992  1
3.093137 0.261081  1
2.888783 -0.342453  1
2.828731 -0.419049  1
2.959626 -0.209510  1
2.843996 -0.584340  1
3.057260 -0.031596  1
2.977570 0.057816  1
3.268392 -0.155913  1
2.732925 -0.026777  1
3.170157 0.047667  1
3.425477 0.254039  1
2.933187 0.164544  1
2.763534 0.172628  1
3.211947 -0.059524  1
3.206538 0.050759  1
2.571916 -0.132296  1
3.286592 -0.130222  1
3.310100 -0.228838  1
3.394054 -0.129623  1
2.904510 -0.028182  1
2.756036 -0.118179  1
2.468058 -0.513488  1
3.004077 0.107018  1
3.076200 -0.069603  1
2.835442 0.424739  1
3.334601 0.434010  1
2.857473 0.449524  1
2.491662 -0.219832  1
3.488160 -0.162846  1
3.211738 0.018753  1
2.660327 0.713153  1
3.390363 0.136173  1
2.735063 0.024416  1
3.106360 0.100404  1
3.012584 -0.011368  1
2.646699 0.238988  1
3.409657 0.000870  1
2.728943 -0.042504  1
2.941638 -0.027646  1
2.734274 0.219433  1
2.508113 -0.036660  1
3.412672 -0.042239  1
2.928737 0.220899  1
3.133764 -0.040211  1
2.623913 0.174640  1
2.649846 0.183245  1
2.546539 0.045746  1
3.275352 0.011004  1
2.526928 -0.008692  1
3.068636 -0.126771  1
3.179229 0.328102  1
3.087968 0.209431  1
2.869732 0.009500  1
3.489946 0.434217  1
3.423768 0.317113  1
3.446958 -0.056979  1
2.939294 -0.349548  1
3.295150 -0.170982  1
2.999904 -0.298011  1
2.736441 -0.120413  1
2.725255 0.096012  1
3.488510 -0.101209  1
2.939533 -0.142228  1
2.744995 0.050768  1
3.102474 0.276290  1
2.887123 0.020534  1
2.987904 -0.216793  1
3.030906 0.463316  1
2.701754 -0.608171  1
3.179890 -0.016057  1
3.178862 0.090445  1
3.391249 -0.207402  1
3.305718 -0.044613  1
2.931882 0.433200  1
2.870426 -0.497395  1
3.165868 -0.143046  1
3.176741 -0.150271  1
3.067451 0.205216  1
3.195681 0.346078  1
3.357230 0.383468  1
2.647331 -0.261047  1
3.285138 0.015772  1
2.691701 0.073894  1
3.087869 -0.187711  1
2.787228 -0.051422  1
3.231974 -0.196660  1
2.601165 0.163215  1
3.502620 -0.276038  1
2.906969 0.136084  1
3.114018 -0.133411  1
2.976798 -0.142381  1
3.271635 0.175342  1
3.340614 0.024593  1
2.541759 0.010902  1
3.142388 -0.016174  1
2.969878 0.124855  1
2.804024 -0.060684  1
3.251104 0.183397  1
2.645237 -0.177296  1
3.580753 -0.326571  1
3.044698 0.511197  1
3.174145 0.004884  1
2.841190 0.526788  1
2.899099 -0.077092  1
3.134567 0.077394  1
3.246766 -0.395156  1
2.843781 0.100105  1
3.230206 0.249004  1
3.179383 -0.221848  1
3.113897 -0.131672  1
3.189744 -0.145329  1
2.906165 -0.285305  1
2.654927 -0.383223  1
3.404912 -0.093673  1
2.634559 -0.285224  1
2.462892 0.361093  1
3.489955 -0.377428  1
3.463360 0.307470  1
2.949495 -0.301174  1
3.074399 -0.306205  1
2.870572 -0.292208  1
3.096820 -0.086365  1
3.113963 -0.136046  1
2.339253 0.022381  1
2.350858 -0.004154  1
3.068568 -0.238216  1
2.634990 0.259503  1
2.939020 -0.084364  1
3.176648 -0.095712  1
3.244673 0.222505  1
2.967911 -0.183116  1
2.745481 -0.054877  1
2.965341 0.058660  1
2.749303 0.183266  1
2.558085 0.076954  1
2.863113 0.017417  1
3.210838 0.122998  1
2.844677 -0.027028  1
2.934422 0.001603  1
2.975974 -0.163662  1
2.668354 -0.217217  1
3.617014 -0.079824  1
2.833100 -0.032752  1
2.785027 0.529502  1
3.179523 -0.201853  1
3.069921 -0.075098  1
2.796058 -0.257985  1
3.531211 0.104998  1
2.786932 0.021843  1
2.905262 -0.108092  1
3.311743 -0.159624  1
2.924036 0.179429  1
2.967634 -0.125457  1
3.151844 -0.210872  1
2.858834 -0.267826  1
3.170190 0.232367  1
3.204980 -0.183728  1
3.316577 0.155060  1
3.596102 0.078436  1
3.271038 -0.083851  1
2.848214 0.233830  1
3.482610 0.218648  1
2.520702 -0.308020  1
3.227314 0.301005  1
2.954123 -0.224921  1
3.109804 -0.081574  1
2.715898 0.200926  1
2.897444 0.410622  1
3.143590 0.171885  1
3.857046 -0.009098  1
2.566125 0.296524  1
3.228384 -0.099082  1
3.100753 0.058178  1
2.892028 -0.175871  1
2.754415 -0.089984  1
3.392026 -0.198296  1
3.393132 -0.193688  1
3.273700 0.081493  1
3.151632 0.192650  1
3.140904 0.214341  1
2.607847 0.312344  1
2.854126 -0.023546  1
2.815806 -0.116613  1
2.643182 -0.286151  1
3.346043 0.254063  1
2.603440 0.373827  1
3.102839 0.220756  1
3.556446 -0.033228  1
3.198583 0.266659  1
2.319907 -0.633645  1
3.410532 -0.259849  1
2.779580 0.000642  1
2.982056 0.086362  1
3.384526 -0.366612  1
3.093736 -0.189705  1
2.897928 0.267400  1
2.916372 -0.171701  1
3.352393 0.041166  1
2.751108 0.054994  1
2.921271 -0.009935  1
3.437207 0.133604  1
3.118651 0.284044  1
2.814389 0.061090  1
3.286706 -0.490892  1
3.166088 -0.017347  1
3.044951 -0.258846  1
2.489786 0.037459  1
2.409965 -0.114265  1
3.006967 0.037907  1
2.476055 -0.299559  1
3.164929 0.297473  1
3.139248 -0.185345  1
3.272228 0.256469  1
3.023805 0.154368  1
3.385496 0.035420  1
3.370478 0.040840  1
3.033918 -0.126413  1
2.955977 0.187478  1
2.862864 -0.418948  1
3.619234 -0.365009  1
2.998353 -0.283966  1
2.984626 0.138467  1
3.330318 0.186927  1
3.165876 0.063590  1
3.524198 -0.025506  1
2.649433 -0.104533  1
2.464864 -0.000677  1
3.167031 -0.283760  1
2.722500 0.053078  1
2.863364 -0.224597  1
3.415028 0.097563  1
2.803750 0.569365  1
3.236072 -0.208965  1
2.813387 -0.020838  1
2.600358 0.075129  1
2.631421 0.197090  1
2.915722 -0.187815  1
2.839326 -0.404103  1
3.318906 -0.040724  1
3.007217 -0.417931  1
3.732613 -0.036078  1
2.795589 -0.124659  1
3.346742 0.174245  1
2.825283 -0.150030  1
3.313736 -0.083174  1
3.341355 0.090192  1
2.924338 -0.022408  1
3.055628 0.008360  1
2.908563 -0.186123  1
2.924870 -0.441918  1
2.803255 0.404845  1
2.898236 -0.405881  1
3.653005 -0.087677  1
3.519877 -0.034529  1
3.297949 0.133164  1
3.096384 -0.028037  1
3.423337 -0.132924  1
2.878516 -0.134662  1
2.512671 -0.238047  1
3.218640 -0.182758  1
2.948459 0.030921  1
2.532699 0.176408  1
2.905401 -0.173792  1
2.587938 0.021320  1
3.429665 0.406578  1
2.760971 -0.675487  1
3.035437 0.060693  1
2.751073 0.071352  1
2.889272 -0.211193  1
3.047170 0.318914  1
2.680192 -0.337986  1
3.161202 0.211533  1
3.094142 0.160018  1
3.295788 -0.211788  1
2.516781 0.212820  1
2.217030 -0.005503  1
3.052569 -0.420720  1
3.064749 -0.293058  1
2.889431 -0.125222  1
3.254538 -0.419970  1
3.077238 -0.327593  1
2.811956 -0.019799  1
3.383402 -0.019268  1
2.760327 -0.065328  1
3.218982 0.333307  1
3.229698 0.038843  1
3.126437 0.252066  1
3.169808 -0.083314  1
3.093827 -0.294390  1
2.681106 0.024015  1
2.529106 -0.487102  1
3.210453 -0.589482  1
3.364362 -0.239298  1
3.427655 0.051297  1
2.708462 0.169927  1
2.633418 0.091718  1
2.978083 0.218212  1
3.243589 -0.178928  1
2.784268 -0.073047  1
2.910370 -0.029763  1
3.079100 0.064147  1
2.939861 -0.196375  1
3.068984 0.081081  1
3.316660 0.047537  1
2.454851 -0.188807  1
3.223633 -0.123434  1
2.487468 0.430564  1
2.792826 -0.074766  1
3.165802 -0.055731  1
2.528168 0.015932  1
3.234145 0.084657  1
2.984755 -0.117335  1
3.272903 0.091058  1
3.135282 0.151788  1
2.404124 0.210753  1
2.661945 0.288381  1
2.798982 -0.073515  1
3.425379 -0.226030  1
3.283965 -0.198443  1
3.158225 -0.102911  1
3.039873 0.204424  1
3.102866 0.128983  1
3.546376 0.526523  1
2.592369 -0.007327  1
2.922587 -0.434295  1
2.765009 -0.321810  1
3.038287 -0.356703  1
3.439532 -0.320367  1
3.137597 -0.119355  1
2.972294 -0.333315  1
2.848771 -0.435354  1
2.913291 0.018622  1
2.707484 0.155518  1
2.557943 0.111531  1
2.797972 -0.160231  1
2.841267 0.001530  1
3.257337 0.425421  1
2.691239 0.148825  1
2.997609 -0.020975  1
2.530873 0.145744  1
2.922102 -0.058658  1
3.325594 -0.004932  1
2.674309 0.217121  1
2.688865 0.084371  1
3.338362 0.009613  1
2.881582 -0.174470  1
3.291110 -0.136830  1
2.959347 -0.043943  1
3.789752 -0.153547  1
3.246005 -0.387705  1
2.956347 -0.078498  1
3.204105 0.589111  1
2.924547 0.195163  1
2.808730 -0.105072  1
3.299665 -0.079980  1
2.960005 -0.406023  1
3.588269 0.216318  1
2.991696 0.084827  1
2.398008 0.197203  1
2.875730 0.443357  1
3.137392 0.080920  1
2.889369 -0.116654  1
2.599751 0.181347  1
3.006403 -0.510215  1
3.245532 -0.156912  1
2.953344 -0.259339  1
2.924410 -0.149795  1
3.161751 0.189313  1
2.991041 0.184316  1
3.060633 0.100160  1
2.578970 0.113663  1
3.187114 0.458276  1
3.014018 -0.336365  1
3.211621 -0.053154  1
2.875081 0.080677  1
3.175073 -0.074328  1
2.847201 0.084736  1
2.991023 -0.489911  1
2.519367 0.472328  1
3.186668 0.632527  1
2.790419 0.123211  1
2.903690 -0.190552  1
2.749528 -0.103042  1
2.798636 0.124908  1
2.444829 0.132790  1
2.539784 -0.045705  1
2.723738 -0.017101  1
2.850706 0.032531  1
2.537338 0.112514  1
2.981207 -0.173114  1
2.934558 -0.080564  1
2.791604 -0.117487  1
2.751750 0.238451  1
3.353064 -0.068887  1
2.733124 0.211873  1
3.218931 0.091443  1
3.026880 -0.327662  1
3.464421 -0.139294  1
2.811116 -0.141319  1
3.025566 0.271695  1
3.050225 -0.225145  1
2.323188 -0.468097  1
3.060854 0.040343  1
3.512230 -0.251890  1
3.083996 0.047697  1
3.044323 -0.245767  1
3.446073 -0.173723  1
3.284028 -0.021322  1
2.507439 -0.112214  1
3.216265 -0.213946  1
2.545505 0.061215  1
3.531092 0.083857  1
2.978350 -0.181665  1
2.893174 0.119317  1
3.224586 -0.046019  1
2.652063 0.086289  1
2.874430 -0.069164  1
3.135069 -0.043156  1
3.047850 0.107173  1
3.020487 -0.001450  1
3.191493 0.042057  1
2.674552 0.080184  1
2.982044 -0.087491  1
2.960743 0.111334  1
2.822682 0.507848  1
3.191518 -0.144011  1
2.795922 -0.445838  1
3.209399 -0.067365  1
2.921252 -0.183375  1
3.830200 -0.007970  1
2.855214 0.052420  1
3.210670 -0.267778  1
3.125780 -0.179570  1
3.477084 -0.357204  1
3.456960 0.057264  1
2.746120 0.131720  1
3.040921 -0.088320  1
3.566671 0.207132  1
3.076050 -0.042868  1
2.564359 -0.237287  1
3.026606 0.019886  1
3.553482 -0.353882  1
2.936473 0.342209  1
2.452247 0.046581  1
3.281312 -0.044760  1
2.980531 -0.009099  1
3.186098 -0.519124  1
2.472315 -0.037516  1
2.820703 0.277993  1
2.762000 -0.061667  1
2.882638 0.170944  1
2.579378 -0.125267  1
2.463601 -0.021453  1
2.725108 0.116348  1
3.602525 -0.136330  1
3.035368 0.185154  1
2.942565 -0.114312  1
3.463853 -0.220748  1
3.212494 -0.232943  1
3.603910 -0.236348  1
2.810165 0.113020  1
3.092248 -0.546498  1
2.991330 0.484515  1
3.238907 -0.267081  1
2.923578 -0.120068  1
3.178984 -0.676807  1
2.979159 0.566945  1
3.261019 -0.203489  1
2.712162 0.223786  1
2.827342 0.197910  1
2.976041 -0.556790  1
2.884341 0.015764  1
3.064421 0.068302  1
2.862842 0.008357  1
3.050495 0.095628  1
3.292455 -0.254840  1
2.989898 -0.273850  1
2.838986 -0.181143  1
2.849402 0.135026  1
3.010148 0.039186  1
2.990383 -0.302022  1
2.801818 0.043545  1
2.634130 -0.081924  1
3.228807 -0.191225  1
3.022595 0.178920  1
2.991853 -0.170927  1
2.816439 -0.180409  1
2.813260 0.062679  1
3.170882 0.117805  1
2.806619 -0.105218  1
3.523088 -0.181586  1
3.075439 -0.027690  1
3.385473 -0.098818  1
3.001620 -0.201832  1
3.121418 -0.073611  1
2.545390 0.194200  1
3.143596 -0.421612  1
2.463876 -0.350433  1
3.132450 -0.123990  1
3.011496 -0.345027  1
2.917423 0.085638  1
2.884555 -0.174253  1
2.874148 -0.062588  1
2.833580 -0.159689  1
2.939129 -0.047052  1
2.761083 -0.111409  1
2.718651 0.241097  1
3.349975 0.196261  1
2.230200 -0.255159  1
3.068506 -0.357982  1
3.009107 -0.139478  1
3.090948 0.117311  1
3.362885 0.018944  1
3.127935 0.246930  1
2.566918 -0.169367  1
2.900927 -0.275192  1
2.898431 0.109203  1
2.946616 -0.040114  1
3.302829 0.307054  1
3.206223 0.002708  1
2.944349 0.043952  1
2.827072 -0.449436  1
3.220765 0.115346  1
3.146200 0.302657  1
0.720752 0.613333  1
0.747444 0.475344  1
0.225371 0.326841  1
0.460372 0.505065  1
0.557904 0.374003  1
0.632952 0.646703  1
0.098482 0.338017  1
0.804184 0.431909  1
0.290880 0.552195  1
0.438967 0.710483  1
0.803896 0.467767  1
0.226978 0.496655  1
0.604287 0.464743  1
0.558156 0.487284  1
0.238801 0.449443  1
0.525431 0.304414  1
0.528110 0.401138  1
0.641056 0.551305  1
0.453068 0.585344  1
0.551721 0.748655  1
0.308405 0.365998  1
0.569938 0.211406  1
0.335233 0.604773  1
0.725169 0.520193  1
0.828786 0.549210  1
0.365579 0.627902  1
0.193030 0.454797  1
0.498198 0.551115  1
0.477293 0.683696  1
0.179538 0.528148  1
0.457560 0.300834  1
0.819973 0.320611  1
0.344673 0.371280  1
0.532482 0.526734  1
0.895344 0.271366  1
0.501794 0.429275  1
0.377277 0.578263  1
0.542064 0.234724  1
0.332144 0.362045  1
0.217631 0.724639  1
0.489569 0.412090  1
0.626274 0.393280  1
0.566910 0.810301  1
0.558579 0.591557  1
0.528633 0.238720  1
0.589121 0.499082  1
0.137312 0.518075  1
0.416371 0.646367  1
0.490120 0.282398  1
0.261303 0.689173  1
0.599085 0.413727  1
0.989148 0.734290  1
0.159535 0.715609  1
0.333836 0.862326  1
0.460967 0.905870  1
0.360044 0.301682  1
0.591332 0.432865  1
0.359903 0.509726  1
0.639454 0.552771  1
0.418692 0.425156  1
0.597596 0.303662  1
0.254751 0.613786  1
0.678937 0.686151  1
0.073335 0.627783  1
0.730590 0.052452  1
0.524763 0.532742  1
0.073670 0.607688  1
0.686350 0.466238  1
-0.039753 0.227360  1
0.735718 0.642435  1
0.696330 0.615984  1
0.420600 0.704845  1
0.304048 0.130640  1
0.971162 0.027217  1
0.366569 0.333006  1
0.599254 0.575772  1
0.465430 0.524473  1
0.373459 0.241531  1
-0.158149 0.404135  1
0.354210 0.631760  1
0.425072 0.266077  1
0.451104 0.815595  1
0.161686 0.532608  1
0.454602 0.248975  1
0.681070 0.612799  1
0.702002 0.776471  1
0.431212 0.339295  1
0.850472 0.499131  1
0.553544 0.460463  1
0.609615 0.518067  1
0.685855 0.814673  1
0.144841 0.868679  1
0.251494 0.552637  1
0.649833 0.189440  1
0.441151 0.547523  1
0.573528 0.957903  1
0.876533 0.318590  1
0.233227 0.644806  1
0.439173 0.695516  1
0.434608 0.722958  1
0.618340 0.692916  1
0.141141 0.127049  1
0.504450 0.580912  1
0.645575 0.392326  1
0.444444 0.737533  1
0.342506 0.681967  1
1.007957 0.370051  1
0.618098 0.802850  1
0.756566 0.535312  1
0.465489 0.617286  1
0.510571 0.556542  1
0.571882 0.630530  1
0.233943 0.182886  1
0.693150 0.394812  1
0.428790 0.685853  1
0.857260 0.458249  1
0.520120 0.412650  1
0.734242 0.637227  1
0.743372 0.434525  1
0.461483 0.449278  1
0.516194 0.182481  1
0.372225 0.261033  1
0.256453 0.260761  1
0.477045 0.585877  1
0.131907 0.560621  1
0.597424 0.677602  1
0.212443 0.563993  1
0.548245 0.587590  1
0.413459 0.463918  1
0.616940 0.566598  1
0.521053 1.018397  1
0.403618 0.395244  1
0.790041 0.272189  1
0.528008 0.274560  1
0.438235 0.380698  1
0.354200 0.408875  1
0.490950 0.848534  1
0.668629 0.295508  1
0.181256 0.499435  1
0.844674 0.477562  1
0.467758 0.819208  1
0.574579 1.162151  1
0.413931 0.403965  1
0.274272 0.451323  1
0.591641 0.219370  1
0.269071 0.880155  1
0.437416 0.517505  1
0.526407 0.364784  1
0.442217 0.544972  1
0.293111 0.228490  1
0.382731 0.240668  1
0.574429 0.217321  1
0.335997 0.838238  1
0.083032 0.592350  1
0.153036 0.446594  1
0.430092 0.620157  1
0.428248 0.429415  1
0.355557 0.922041  1
0.716452 0.741715  1
0.844670 0.487355  1
0.751365 0.231497  1
0.695339 0.592876  1
0.421648 0.112503  1
0.386787 0.119383  1
0.470352 0.332405  1
0.481771 0.469661  1
0.750313 0.278455  1
0.434298 0.774826  1
0.182169 0.728610  1
0.786097 0.622387  1
0.368150 0.547725  1
0.289283 0.219756  1
0.488947 0.519393  1
0.318730 0.460330  1
0.524351 0.584658  1
0.555882 0.612580  1
0.693184 0.369534  1
0.485574 0.452362  1
0.202095 0.559793  1
0.381644 0.788744  1
0.656487 0.416036  1
0.740027 0.598134  1
0.543653 0.369001  1
0.509224 0.295481  1
0.422817 0.689650  1
0.596201 0.195902  1
0.556698 -0.032290  1
0.425256 0.634343  1
0.523639 0.148021  1
0.354900 0.657410  1
0.795517 0.469309  1
0.644416 0.653403  1
0.557064 0.643752  1
0.354180 0.629213  1
0.437257 0.551044  1
0.483229 0.548151  1
0.250509 0.446527  1
0.529018 0.256240  1
0.411846 0.381968  1
0.682785 0.434491  1
0.534284 0.185215  1
0.572264 0.416720  1
0.829851 0.169483  1
0.652230 0.787440  1
0.673138 0.318947  1
0.280167 0.341478  1
0.325906 0.492715  1
0.228161 0.230491  1
0.539054 0.428492  1
0.531674 0.503591  1
0.430891 0.368893  1
0.802943 0.625964  1
0.575806 0.375169  1
0.551293 0.519512  1
0.488953 0.591203  1
0.831011 0.479763  1
0.479565 0.662051  1
0.661228 0.399214  1
0.795455 0.648522  1
0.294544 0.396138  1
0.376774 0.518929  1
0.565582 0.532479  1
0.225523 0.265510  1
0.690748 0.917942  1
0.456973 0.457808  1
0.468937 0.303143  1
0.423181 0.372648  1
0.335819 0.324008  1
0.426366 0.549773  1
0.585340 0.729102  1
0.533335 0.522474  1
0.365365 0.319780  1
0.815575 0.453365  1
0.534152 0.415646  1
0.748797 -0.106519  1
0.549245 0.775590  1
0.519707 0.402769  1
0.392130 0.518016  1
0.926024 0.413622  1
0.598627 0.307537  1
0.498802 0.632427  1
0.500645 0.384984  1
0.545293 0.696198  1
0.616343 0.774634  1
0.754170 0.075062  1
0.577429 0.565959  1
0.628759 0.520058  1
0.812714 0.107867  1
0.158276 0.640457  1
0.484544 0.640168  1
0.593862 0.592523  1
0.565159 0.653975  1
0.627836 0.341819  1
0.664272 0.113425  1
0.561602 0.390207  1
0.934508 0.654156  1
0.585228 0.796194  1
0.288759 0.425580  1
0.269973 0.736741  1
0.490610 0.756076  1
0.854982 0.260800  1
0.511242 0.583823  1
0.137527 0.573114  1
0.394647 0.698272  1
0.983234 0.452523  1
0.436679 0.153872  1
0.412254 0.398239  1
0.689138 0.438621  1
0.819091 0.296420  1
0.344869 0.640030  1
0.558587 0.516145  1
0.080202 0.498593  1
0.596789 0.775762  1
0.380620 0.573691  1
0.868211 0.576666  1
0.331960 0.547882  1
0.429070 0.672248  1
0.531068 0.566868  1
0.479575 0.581294  1
0.371782 0.404163  1
0.690245 0.669528  1
0.292297 0.260692  1
0.571024 0.777193  1
0.874606 0.567150  1
0.430066 0.490560  1
0.257665 0.672072  1
0.502432 0.692968  1
0.090519 0.160407  1
0.350843 0.352343  1
0.267599 0.495701  1
0.847535 0.799913  1
0.483187 0.767935  1
0.364949 0.635057  1
0.724940 0.664849  1
0.614889 0.452118  1
0.288029 0.194682  1
0.315729 0.442111  1
0.420507 0.314014  1
0.456442 0.524028  1
0.708173 0.406102  1
0.514636 0.897284  1
0.332260 0.894027  1
0.626297 0.581301  1
0.129761 0.133219  1
0.350821 0.457763  1
0.445184 0.721874  1
0.278338 0.493362  1
0.505395 0.694821  1
0.523262 0.897432  1
0.752899 0.555550  1
0.423954 0.309464  1
0.323922 0.556888  1
0.639855 0.562212  1
0.490122 0.510245  1
0.682688 0.744905  1
0.386891 0.352360  1
0.165185 0.545067  1
0.768255 0.252261  1
0.153548 0.553633  1
0.497439 0.520745  1
0.007450 0.228013  1
0.498393 0.567864  1
0.565711 0.620116  1
0.206404 0.873062  1
0.446143 0.725638  1
0.413813 0.480429  1
0.143869 0.439648  1
0.566512 0.345030  1
0.414517 0.529362  1
0.259371 0.281486  1
0.356011 0.835672  1
0.242053 0.705557  1
0.422101 0.579147  1
0.100325 0.745045  1
0.525304 0.227795  1
0.535762 0.719218  1
0.515348 0.282798  1
0.515142 0.603777  1
0.557675 0.167757  1
0.529321 0.484722  1
0.608403 0.652591  1
0.638623 0.665268  1
0.710687 0.119049  1
0.467780 1.089125  1
0.286038 0.151641  1
0.932719 0.042515  1
0.666525 0.580845  1
0.245522 0.500331  1
0.362259 0.350472  1
0.518318 0.721664  1
0.227885 0.855957  1
0.752380 0.137265  1
0.669556 0.161887  1
0.566774 0.611949  1
0.426551 0.427509  1
0.504837 0.430567  1
0.344513 0.578278  1
0.643459 0.686805  1
0.507962 0.524326  1
0.365004 0.660784  1
0.400023 0.959327  1
0.557975 -0.046536  1
0.685580 0.246725  1
0.597764 0.640215  1
0.476146 0.319401  1
0.324709 0.473426  1
0.530015 0.515121  1
0.608379 0.383437  1
0.693430 0.658472  1
0.527047 0.721216  1
0.128494 0.696465  1
0.506163 0.669905  1
0.504134 0.854558  1
0.191771 0.550261  1
0.642119 0.517209  1
0.776408 0.433241  1
0.278933 0.420379  1
0.442176 0.477996  1
0.353484 0.616557  1
0.523765 0.619761  1
0.452792 0.557947  1
0.741222 1.016820  1
0.472607 0.430533  1
0.409944 0.582619  1
0.653999 0.630682  1
0.437321 0.155302  1
0.519555 0.695112  1
0.123062 0.364510  1
0.673050 0.552589  1
0.254868 0.839977  1
0.440842 0.446667  1
0.236042 0.859603  1
0.850081 0.348491  1
0.464971 0.465004  1
0.307822 0.344994  1
0.698832 0.644341  1
0.583254 0.367010  1
0.363867 0.485367  1
0.818058 0.484441  1
0.184568 0.591087  1
0.679166 0.570197  1
0.521340 0.490386  1
0.455305 0.260639  1
0.428281 0.481563  1
0.646694 0.511241  1
0.790678 0.306591  1
0.595662 0.225277  1
0.428697 0.678074  1
0.692357 0.679518  1
0.435438 0.239561  1
0.591646 0.481748  1
0.430147 0.690483  1
0.519110 0.478295  1
0.756639 0.496300  1
0.528195 0.586392  1
0.880645 0.673399  1
0.624816 0.214290  1
0.473020 0.887675  1
0.452366 0.925541  1
0.487007 0.722637  1
0.300726 0.286922  1
0.215397 0.404518  1
0.978325 0.516206  1
0.752531 0.485277  1
0.502570 0.380534  1
0.130870 0.566561  1
0.681173 0.634613  1
0.331125 0.532957  1
0.313613 0.558660  1
0.334170 0.694054  1
0.798990 0.293931  1
0.436988 0.423111  1
0.350307 0.411747  1
0.660442 0.909692  1
0.472509 0.803516  1
0.620762 0.494402  1
0.395658 0.379188  1
0.624815 0.690279  1
0.931050 0.713816  1
0.179706 0.796228  1
0.255866 0.582083  1
0.287328 0.615040  1
0.795482 0.321879  1
0.548394 0.667510  1
0.346460 0.821289  1
0.599901 0.616826  1
0.701198 0.230185  1
0.780008 0.297851  1
0.633892 0.413997  1
0.249388 0.819404  1
1.047526 0.333635  1
0.533945 0.515487  1
0.488875 0.453944  1
0.466440 0.440337  1
0.735345 0.439563  1
0.548549 0.592653  1
0.440563 0.790597  1
0.660370 0.467057  1
0.576479 0.370681  1
0.289750 0.547280  1
0.635315 0.524265  1
0.711637 0.372597  1
0.614049 0.618065  1
0.567472 0.792102  1
0.328911 0.441244  1
0.334085 0.337894  1
0.557444 0.045886  1
0.414885 0.638474  1
0.828701 0.408042  1
0.494250 0.777113  1
0.421197 0.534738  1
0.393353 0.569227  1
0.636748 0.502971  1
0.345639 0.178902  1
0.798076 0.688642  1
0.828206 0.512401  1
0.262957 0.373409  1
0.525242 0.595229  1
0.461017 0.161368  1
0.221101 0.311505  1
0.464031 0.150669  1
0.359540 0.923698  1
0.602711 0.384569  1
0.333560 0.465466  1
0.348588 0.321716  1
0.552930 0.599310  1
0.571792 0.762029  1
0.581967 0.502267  1
0.590520 0.328021  1
0.183308 0.718624  1
0.869496 0.822638  1
0.450395 0.580007  1
0.604782 0.147196  1
0.197459 0.364328  1
0.486300 0.755039  1
0.508259 0.612474  1
0.674675 0.379021  1
0.518087 0.499781  1
0.509127 0.607307  1
0.401288 0.515775  1
0.275570 0.740440  1
0.467969 0.535541  1
0.343369 -0.015560  1
0.467348 0.392350  1
0.760344 0.094748  1
0.454623 0.387648  1
1.040593 0.694476  1
0.710410 0.458344  1
1.025167 0.520235  1
0.553995 0.625311  1
0.327463 0.530905  1
0.827516 0.743679  1
0.214917 0.232948  1
0.345941 0.760347  1
0.446955 0.176261  1
0.942810 0.156328  1
0.515303 0.589058  1
0.335201 0.487524  1
0.057271 0.879573  1
0.710969 0.666678  1
0.805234 0.314639  1
0.531316 0.628972  1
0.420955 0.304033  1
0.263739 0.108926  1
0.285069 0.583427  1
0.650753 0.173711  1
0.391866 0.762705  1
0.431514 0.267328  1
0.637261 0.419870  1
0.542903 0.300280  1
0.575663 0.744747  1
0.390682 0.428615  1
0.248344 0.539774  1
0.664819 0.663876  1
0.650044 0.411581  1
0.910488 0.853446  1
0.423432 0.619034  1
0.344096 0.419747  1
0.470078 0.273002  1
0.608386 0.518680  1
0.658586 0.350714  1
0.343259 0.468366  1
0.558599 0.537168  1
0.390558 0.976991  1
0.508084 0.020241  1
0.402419 0.723128  1
0.387655 0.583284  1
0.623951 0.774198  1
0.489012 0.493081  1
0.527880 0.706497  1
0.482854 0.616759  1
0.715198 0.532459  1
0.616721 0.519135  1
1.042475 0.298352  1
0.456002 0.502695  1
0.348748 0.412207  1
0.598693 0.469311  1
0.383252 0.731022  1
0.465895 0.804106  1
0.420553 0.611102  1
0.696290 0.399115  1
0.452076 0.763928  1
0.181343 0.502617  1
0.772463 0.337553  1
0.210519 0.795265  1
0.502856 0.724625  1
0.617108 0.691707  1
0.453943 0.693877  1
0.489692 0.651569  1
0.526811 0.548260  1
0.416363 0.527858  1
0.393541 0.385102  1
0.427005 0.492741  1
0.569349 0.431037  1
0.765036 0.575735  1
0.458750 0.574104  1
0.261208 0.592276  1
0.321285 0.435509  1
0.619255 0.595052  1
0.699688 0.503095  1
0.265990 0.569197  1
0.523830 0.635080  1
0.291808 0.605143  1
0.499340 0.568710  1
0.432960 0.074871  1
0.685025 0.756056  1
0.753345 0.587654  1
0.377887 0.424507  1
0.628655 0.478271  1
0.311820 0.741084  1
0.419862 0.533155  1
0.639118 0.422768  1
0.457890 0.635676  1
0.305858 0.737402  1
0.493870 0.527801  1
0.475525 0.473696  1
0.413251 0.957398  1
0.431482 0.061480  1
0.189201 0.515641  1
0.308600 0.229176  1
1.527106 1.896641  1
1.625007 2.140944  1
2.457343 2.417369  1
1.633609 2.261262  1
2.099684 2.090444  1
1.944058 2.674351  1
1.831046 2.474108  1
2.341763 1.665690  1
2.144125 2.307368  1
2.074877 1.978699  1
2.163203 2.119025  1
2.437492 1.985288  1
2.290608 1.846680  1
1.870755 1.697997  1
1.834004 1.367884  1
2.034863 2.219703  1
2.125236 1.572254  1
1.855688 2.215273  1
2.091307 1.952307  1
1.963190 2.026187  1
1.933161 1.905022  1
2.284823 2.323090  1
2.473109 2.336732  1
2.245924 2.217775  1
2.131150 1.988778  1
2.034866 2.239385  1
2.150989 1.634230  1
1.680641 2.372119  1
2.353134 1.772299  1
1.953595 2.173950  1
1.957883 1.710008  1
2.191804 1.879706  1
1.426929 1.864429  1
1.781666 1.740064  1
1.933841 2.148925  1
1.646180 2.045391  1
2.499492 1.986458  1
2.017274 1.910134  1
2.211692 1.970766  1
1.874061 2.260515  1
1.942328 1.958435  1
2.182166 2.311038  1
1.733292 2.145848  1
2.536888 2.326193  1
2.146986 1.521608  1
2.059388 1.847998  1
2.054035 2.380171  1
2.399494 1.773829  1
1.760336 2.176170  1
1.619022 2.373271  1
1.651260 1.598524  1
1.713063 2.146058  1
2.283665 1.686422  1
1.606901 1.545410  1
2.011650 2.146846  1
1.720180 1.806520  1
1.943899 1.627883  1
1.820731 1.813111  1
1.818561 2.418848  1
1.805287 1.733616  1
1.957600 2.275058  1
1.444750 2.320085  1
2.033601 1.720314  1
1.755283 1.813188  1
2.273484 1.279666  1
2.418473 1.871935  1
1.748395 2.243418  1
2.230675 2.058418  1
2.262849 1.821318  1
1.704459 1.815877  1
2.101433 2.303408  1
1.776112 1.622995  1
2.455218 1.885453  1
1.989717 1.812175  1
1.989805 1.736473  1
1.978465 1.736156  1
2.495720 1.802016  1
1.703257 1.733719  1
1.670806 1.997761  1
1.923124 2.125972  1
2.177352 2.174837  1
1.737035 1.659328  1
1.827829 1.901163  1
1.875700 2.014242  1
1.969927 1.692018  1
2.221485 2.033803  1
1.890588 1.755786  1
2.347641 1.864682  1
1.928250 1.844185  1
2.365898 1.809239  1
1.545000 1.992680  1
1.959009 2.001268  1
2.338564 1.929305  1
2.279383 1.906264  1
2.296327 1.556169  1
2.071217 2.178181  1
2.483655 2.041560  1
2.097205 2.088290  1
1.558036 1.777697  1
1.870207 1.983393  1
1.603948 1.780282  1
2.086370 1.607934  1
2.085579 2.197010  1
2.033413 1.873968  1
1.562129 1.998048  1
1.892477 1.888717  1
1.669992 1.896337  1
1.849554 1.898933  1
2.001255 2.220273  1
2.090027 1.993252  1
2.211263 2.095040  1
2.173712 2.114024  1
1.865250 2.134557  1
2.103358 2.328940  1
2.360143 1.532773  1
1.995699 2.330220  1
2.373035 1.469954  1
1.875050 1.751963  1
2.369477 2.355775  1
1.891169 1.810918  1
2.053356 1.887134  1
1.776726 1.807879  1
1.774351 2.335608  1
1.775478 1.707544  1
1.567734 1.502372  1
1.631486 2.355626  1
1.986236 1.625481  1
1.983885 2.059438  1
2.201575 1.880785  1
2.080967 1.800098  1
1.935246 1.930354  1
1.959504 2.224996  1
1.818363 2.329486  1
1.725246 2.441898  1
1.867972 2.230874  1
1.761787 2.271393  1
1.965049 2.547169  1
1.833392 1.785259  1
1.968020 2.181624  1
1.601959 2.260614  1
2.077246 1.853284  1
1.568244 2.008338  1
1.835154 1.666767  1
2.187750 2.264052  1
2.788208 1.860901  1
1.582677 1.288898  1
1.801061 2.321800  1
1.636962 2.282197  1
2.006880 1.859865  1
1.953338 1.904326  1
2.123011 1.489912  1
2.108877 2.355529  1
2.120837 2.190535  1
1.814734 1.913235  1
1.977405 1.544847  1
1.750602 1.672554  1
1.489724 2.429019  1
1.634711 1.966460  1
2.235099 2.215254  1
2.154621 2.246215  1
2.344671 1.820366  1
1.864485 1.874568  1
1.850098 2.045827  1
1.798255 2.164487  1
2.262187 1.330948  1
1.821317 1.816859  1
1.942678 2.005648  1
2.053735 1.724783  1
1.903348 1.961989  1
2.389452 2.288023  1
2.240773 2.608490  1
1.928263 2.124173  1
2.150725 1.986143  1
2.238404 2.293717  1
2.038284 1.515370  1
1.748165 2.064614  1
2.350123 2.313781  1
2.246662 1.937000  1
1.820178 2.117594  1
1.550929 1.691324  1
1.701749 1.863989  1
2.158600 2.145205  1
2.301606 1.710029  1
1.771382 1.665233  1
1.983217 1.768351  1
1.861063 1.436459  1
1.907389 2.005503  1
1.627381 1.798653  1
1.991288 2.030658  1
1.843499 1.864422  1
1.973675 2.380012  1
2.239654 1.919536  1
2.026720 1.791982  1
2.096369 2.102434  1
2.393303 1.875385  1
1.739038 1.894183  1
1.737649 1.662009  1
2.251190 1.488094  1
1.578080 1.885654  1
2.358337 2.239384  1
1.817541 1.852763  1
1.798540 1.888039  1
1.970664 1.787172  1
1.837499 1.766500  1
1.917726 1.702976  1
1.420196 2.361330  1
1.996008 2.054926  1
2.211202 1.810496  1
2.314371 1.827738  1
2.086656 1.435015  1
1.577528 2.359721  1
1.843055 1.956731  1
1.484662 1.739205  1
2.305305 2.641525  1
1.942370 2.203665  1
2.229447 2.296238  1
1.924737 1.889539  1
2.167025 1.934951  1
1.737328 1.808392  1
1.782462 1.972045  1
2.122071 2.282718  1
1.680290 2.491589  1
1.948224 2.181981  1
1.948135 1.922725  1
2.265015 1.675460  1
1.993346 1.975523  1
1.545948 2.177865  1
1.778239 1.546083  1
1.929690 1.510066  1
2.226591 1.644892  1
1.994008 2.289369  1
2.268386 1.724565  1
1.899409 1.684833  1
1.754899 2.454725  1
2.028559 1.954177  1
1.724175 2.236952  1
1.892986 2.173573  1
2.411875 2.214334  1
2.343671 2.264495  1
2.525171 2.120340  1
2.035996 1.801035  1
1.426016 2.281607  1
1.894518 2.115276  1
1.649223 1.897816  1
2.001906 1.867085  1
2.038879 2.089747  1
1.374450 1.808897  1
2.056520 2.272696  1
1.899502 1.712067  1
1.664007 2.018237  1
1.628739 1.706946  1
2.016664 1.606230  1
1.972729 1.880101  1
2.574285 2.517212  1
1.880178 2.039113  1
1.848827 2.170496  1
2.108105 2.493410  1
1.312422 1.806391  1
2.250222 1.707427  1
1.872370 1.871740  1
1.550442 2.052642  1
1.861415 1.947461  1
2.147347 1.942813  1
2.051867 2.169164  1
1.674033 2.585788  1
2.243381 1.847162  1
2.095356 1.857917  1
2.029700 2.222381  1
2.069532 1.756852  1
2.452870 2.298604  1
2.193310 2.191937  1
1.620536 1.713436  1
2.145148 2.019725  1
1.748937 1.827176  1
2.107945 2.077631  1
1.925480 2.117491  1
2.011324 1.617695  1
2.078101 2.401335  1
1.559764 2.569348  1
2.416264 1.495383  1
1.774698 1.880021  1
1.846128 1.918755  1
1.979287 2.269489  1
1.473149 2.445114  1
1.972438 1.732923  1
1.842367 2.213312  1
1.832742 1.663911  1
1.952608 1.980340  1
2.138488 2.119655  1
1.875825 2.109667  1
1.745194 2.142884  1
1.827453 1.995972  1
2.267233 2.029780  1
2.298132 2.245538  1
1.814724 2.202059  1
2.224604 2.245593  1
2.246001 1.666602  1
2.043807 1.541358  1
1.843760 2.161687  1
2.077922 2.093755  1
2.511542 2.023889  1
2.717586 2.448277  1
1.840088 2.322982  1
2.061423 1.617488  1
1.975419 1.954194  1
2.091284 1.652744  1
1.508420 1.771331  1
1.958581 2.101008  1
1.898544 2.170469  1
2.178329 2.070790  1
1.770145 2.062260  1
1.986695 2.767455  1
2.258352 1.920120  1
2.144942 2.250810  1
1.333965 2.093666  1
2.118436 2.559135  1
1.981508 1.832330  1
2.247682 2.195454  1
1.616785 1.430729  1
2.158976 1.605603  1
2.392244 1.745198  1
1.852028 1.906069  1
2.115380 2.183038  1
1.384381 2.001617  1
1.782688 2.375108  1
2.235763 1.637772  1
2.082093 1.578873  1
2.185341 2.011492  1
1.995267 2.051551  1
2.354191 2.058683  1
1.612298 2.072649  1
2.397291 1.826445  1
1.807224 2.003148  1
2.143541 1.692498  1
1.750971 1.798379  1
1.914428 2.208086  1
1.968202 1.897485  1
2.176295 2.039400  1
2.397822 1.918777  1
1.798491 1.665437  1
1.800169 1.817353  1
2.573583 2.130644  1
2.158561 1.985879  1
2.252087 2.096297  1
2.047795 1.841096  1
2.282656 2.222351  1
2.095306 1.975938  1
2.323677 1.975830  1
2.161976 1.871905  1
2.354244 2.312281  1
2.182159 1.767208  1
2.121044 2.463451  1
2.160745 2.159847  1
2.163297 1.890850  1
2.091044 1.929604  1
2.425723 1.958147  1
2.109023 2.129160  1
2.171021 2.218295  1
2.215234 1.924977  1
2.385686 2.289839  1
1.638228 2.574889  1
1.654803 1.968697  1
1.999193 2.166205  1
2.084180 1.829283  1
2.143614 2.210259  1
1.994730 1.642804  1
2.484838 1.675327  1
1.968815 1.857741  1
1.987472 2.392628  1
1.950922 2.009634  1
2.608185 2.093798  1
2.283730 2.212099  1
1.850446 2.052159  1
2.019453 1.962340  1
2.185204 1.964102  1
2.184409 1.856233  1
1.432929 2.232651  1
2.002257 2.511432  1
2.014510 1.794220  1
1.933447 1.739904  1
2.160576 2.152250  1
2.023958 1.482605  1
1.424156 2.600768  1
2.049092 1.705450  1
1.452449 1.761537  1
2.052199 1.836810  1
2.042086 1.646812  1
2.339828 2.025066  1
1.657491 1.683272  1
2.007249 2.440114  1
1.378533 1.923909  1
2.190323 2.064046  1
2.332457 1.695706  1
2.052356 1.892210  1
1.770524 1.882633  1
1.715981 1.656161  1
1.993027 1.962316  1
1.819443 2.065509  1
2.806294 1.933637  1
2.110539 2.131218  1
1.952568 1.862912  1
1.881710 2.208552  1
1.890811 2.372685  1
2.430584 2.172773  1
1.984342 2.299890  1
1.786790 1.923342  1
1.792048 2.135934  1
2.238564 1.674383  1
2.241581 1.804426  1
2.394785 1.775723  1
2.048323 1.866452  1
2.183317 2.173929  1
1.825366 1.636976  1
2.069188 2.416524  1
1.880632 2.248644  1
2.042808 2.544021  1
1.983457 2.034308  1
1.765237 2.127880  1
1.987551 2.428151  1
1.822843 2.032121  1
2.223276 1.937098  1
2.108130 1.800032  1
1.851645 1.867297  1
1.963585 2.220294  1
2.275179 2.013149  1
2.094242 2.039463  1
1.831980 1.609445  1
2.293107 2.051705  1
1.578903 2.531340  1
1.479284 2.213491  1
2.227649 2.268641  1
1.925261 1.992421  1
1.924527 1.514913  1
2.241673 1.339644  1
1.570371 2.193996  1
1.986208 1.721760  1
1.856363 2.124477  1
2.123403 2.213748  1
2.317854 2.168426  1
2.043492 2.292346  1
1.683587 2.340886  1
1.710564 1.918804  1
1.864045 2.246186  1
2.192793 2.530967  1
2.051179 1.157248  1
1.895897 1.646683  1
1.705720 2.303482  1
1.996169 1.877620  1
2.084422 1.697942  1
1.926163 2.119649  1
1.873054 2.053427  1
1.637439 2.650419  1
2.056853 1.877608  1
1.892519 2.145137  1
1.832858 1.522822  1
2.432875 1.805431  1
2.479364 1.704360  1
2.224267 2.379872  1
1.592629 2.032290  1
1.966217 1.861712  1
2.139303 1.708692  1
2.159614 2.192258  1
2.258706 1.496063  1
2.124259 2.313507  1
2.039216 2.067990  1
1.950349 1.984288  1
1.524301 1.616167  1
1.780962 1.338728  1
2.234075 2.075449  1
2.268262 1.396675  1
1.808532 1.991442  1
1.692619 1.982532  1
2.053647 2.007112  1
2.055303 2.012596  1
2.139140 1.812003  1
2.278325 1.955021  1
2.118199 1.931214  1
2.280564 2.221889  1
1.972346 1.855022  1
2.236239 1.674098  1
1.972785 1.637455  1
1.958771 1.612148  1
1.494561 2.286250  1
1.769338 1.800662  1
2.278684 1.868240  1
2.091154 1.808417  1
2.067722 1.858308  1
2.217858 1.772356  1
1.857071 2.264234  1
1.634495 1.877965  1
2.281263 2.254938  1
2.108728 1.855473  1
1.634993 1.924865  1
1.591711 2.186141  1
1.982654 2.463913  1
1.733798 2.276334  1
2.174667 2.393824  1
2.165850 1.978164  1
1.712201 1.805271  1
1.947750 2.074074  1
1.802056 1.680779  1
1.886029 2.273126  1
1.985932 1.614830  1
1.804548 2.090218  1
2.734038 1.949436  1
2.333497 2.001997  1
2.666648 2.459924  1
1.733527 2.184348  1
1.948852 2.017609  1
1.920731 2.295726  1
1.801045 2.076210  1
1.317866 2.065984  1
2.052342 2.143435  1
2.003791 1.872788  1
2.111046 2.040476  1
2.298185 1.782198  1
2.076197 1.440637  1
2.407677 1.762342  1
1.864881 1.808466  1
2.250302 2.254297  1
2.109312 1.889806  1
1.929468 2.282575  1
1.753007 2.225444  1
2.041379 1.867534  1
2.519321 1.739484  1
2.089626 1.886467  1
2.327643 1.657409  1
2.250236 2.345162  1
1.915477 2.138506  1
1.513094 1.989359  1
2.439343 2.565243  1
1.682250 2.066658  1
1.740848 2.319801  1
1.855825 1.855848  1
1.412799 1.879745  1
2.498615 1.813422  1
1.955841 1.531373  1
1.379606 1.844508  1
1.922667 1.795311  1
2.024954 1.941053  1
2.273643 1.875601  1
1.329688 2.347159  1
2.325179 1.821273  1
2.293379 1.805289  1
2.166753 2.477847  1
2.238834 1.918957  1
2.443086 2.035676  1
2.173025 2.405419  1
1.616390 1.917732  1
2.174308 2.436298  1
1.963472 1.946716  1
2.025637 2.242153  1
1.877340 1.593965  1
1.947569 1.995424  1
2.009998 2.225771  1
1.585585 1.805800  1
2.318275 1.677168  1
1.625145 2.048934  1
2.173131 2.039992  1
2.331974 1.553750  1
2.173334 1.614496  1
1.784332 2.311528  1
2.148665 2.163939  1
1.974461 2.019912  1
1.780290 2.134714  1
1.247754 2.215165  1
1.831287 2.114339  1
2.337986 2.334019  1
1.945335 2.135865  1
2.105810 1.413141  1
1.820102 1.890258  1
2.051841 2.162965  1
1.965821 1.825762  1
2.120417 1.690886  1
1.914490 2.392260  1
1.534839 2.236410  1
2.438540 1.855154  1
2.019157 1.696063  1
2.413184 2.506421  1
2.435197 2.186641  1
1.663360 1.942436  1
1.955086 1.632363  1
1.997671 2.259182  1
2.165470 2.472336  1
2.044727 1.853259  1
2.122045 2.066564  1
2.343421 2.194574  1
1.965791 1.330395  1
2.112528 2.135095  1
2.182472 2.048559  1
1.809537 1.898669  1
2.006615 2.545707  1
1.684870 2.140091  1
1.446962 2.478974  1
2.107661 2.512243  1
2.189946 2.003405  1
2.200608 1.616502  1
2.273556 2.298967  1
1.969966 2.031271  1
2.011760 2.007104  1
